# unix_time, cycles_done, cur_path, paths_total, pending_total, pending_favs, map_size, unique_crashes, unique_hangs, max_depth, execs_per_sec
1561056145, 0, 0, 1, 1, 1, 0.01%, 0, 0, 1, 78.43
1561056150, 8, 0, 1, 0, 0, 0.01%, 1, 0, 1, 666.99
1561056156, 21, 0, 1, 0, 0, 0.01%, 1, 0, 1, 678.29
1561056161, 35, 0, 1, 0, 0, 0.01%, 1, 0, 1, 682.03
1561056166, 49, 0, 1, 0, 0, 0.01%, 1, 0, 1, 682.93
1561056171, 63, 0, 1, 0, 0, 0.01%, 1, 0, 1, 683.49
1561056176, 76, 0, 1, 0, 0, 0.01%, 1, 0, 1, 683.60
1561056181, 90, 0, 1, 0, 0, 0.01%, 1, 0, 1, 683.40
1561056187, 104, 0, 1, 0, 0, 0.01%, 1, 0, 1, 683.23
1561056192, 118, 0, 1, 0, 0, 0.01%, 1, 0, 1, 684.01
1561056197, 131, 0, 1, 0, 0, 0.01%, 1, 0, 1, 684.60
1561056202, 145, 0, 1, 0, 0, 0.01%, 1, 0, 1, 683.44
1561056207, 159, 0, 1, 0, 0, 0.01%, 1, 0, 1, 681.13
1561056212, 173, 0, 1, 0, 0, 0.01%, 1, 0, 1, 678.77
1561056217, 186, 0, 1, 0, 0, 0.01%, 1, 0, 1, 680.75
1561056223, 200, 0, 1, 0, 0, 0.01%, 1, 0, 1, 677.00
1561056228, 213, 0, 1, 0, 0, 0.01%, 1, 0, 1, 669.88
1561056233, 227, 0, 1, 0, 0, 0.01%, 1, 0, 1, 679.75
1561056238, 241, 0, 1, 0, 0, 0.01%, 1, 0, 1, 681.77
1561056243, 255, 0, 1, 0, 0, 0.01%, 1, 0, 1, 679.84
1561056248, 268, 0, 1, 0, 0, 0.01%, 1, 0, 1, 679.53
1561056254, 282, 0, 1, 0, 0, 0.01%, 1, 0, 1, 681.48
1561056259, 296, 0, 1, 0, 0, 0.01%, 1, 0, 1, 679.72
1561056264, 310, 0, 1, 0, 0, 0.01%, 1, 0, 1, 680.20
1561056269, 323, 0, 1, 0, 0, 0.01%, 1, 0, 1, 677.83
1561056274, 337, 0, 1, 0, 0, 0.01%, 1, 0, 1, 678.19
1561056279, 351, 0, 1, 0, 0, 0.01%, 1, 0, 1, 681.97
1561056285, 365, 0, 1, 0, 0, 0.01%, 1, 0, 1, 681.37
1561056290, 378, 0, 1, 0, 0, 0.01%, 1, 0, 1, 678.57
1561056295, 392, 0, 1, 0, 0, 0.01%, 1, 0, 1, 677.27
1561056300, 406, 0, 1, 0, 0, 0.01%, 1, 0, 1, 677.49
1561056305, 420, 0, 1, 0, 0, 0.01%, 1, 0, 1, 677.73
1561056311, 433, 0, 1, 0, 0, 0.01%, 1, 0, 1, 677.51
1561056316, 447, 0, 1, 0, 0, 0.01%, 1, 0, 1, 677.05
1561056321, 461, 0, 1, 0, 0, 0.01%, 1, 0, 1, 679.77
1561056326, 475, 0, 1, 0, 0, 0.01%, 1, 0, 1, 681.99
1561056331, 488, 0, 1, 0, 0, 0.01%, 1, 0, 1, 681.40
1561056336, 502, 0, 1, 0, 0, 0.01%, 1, 0, 1, 681.39
1561056342, 516, 0, 1, 0, 0, 0.01%, 1, 0, 1, 682.41
1561056347, 530, 0, 1, 0, 0, 0.01%, 1, 0, 1, 682.22
1561056352, 543, 0, 1, 0, 0, 0.01%, 1, 0, 1, 682.92
1561056357, 557, 0, 1, 0, 0, 0.01%, 1, 0, 1, 682.62
1561056362, 571, 0, 1, 0, 0, 0.01%, 1, 0, 1, 682.72
1561056367, 585, 0, 1, 0, 0, 0.01%, 1, 0, 1, 680.50
1561056373, 598, 0, 1, 0, 0, 0.01%, 1, 0, 1, 680.02
1561056378, 612, 0, 1, 0, 0, 0.01%, 1, 0, 1, 678.01
1561056383, 626, 0, 1, 0, 0, 0.01%, 1, 0, 1, 681.43
1561056388, 640, 0, 1, 0, 0, 0.01%, 1, 0, 1, 682.46
1561056393, 653, 0, 1, 0, 0, 0.01%, 1, 0, 1, 679.49
1561056399, 667, 0, 1, 0, 0, 0.01%, 1, 0, 1, 676.53
1561056404, 680, 0, 1, 0, 0, 0.01%, 1, 0, 1, 678.31
1561056409, 694, 0, 1, 0, 0, 0.01%, 1, 0, 1, 696.50
1561056414, 708, 0, 1, 0, 0, 0.01%, 1, 0, 1, 702.44
1561056419, 722, 0, 1, 0, 0, 0.01%, 1, 0, 1, 708.64
1561056424, 735, 0, 1, 0, 0, 0.01%, 1, 0, 1, 709.04
1561056429, 749, 0, 1, 0, 0, 0.01%, 1, 0, 1, 707.37
1561056434, 764, 0, 1, 0, 0, 0.01%, 1, 0, 1, 707.61
1561056439, 778, 0, 1, 0, 0, 0.01%, 1, 0, 1, 707.63
1561056444, 792, 0, 1, 0, 0, 0.01%, 1, 0, 1, 704.81
